zCircuito=  [   0.01273,    0.3864,     0.9337e-3,      4.1264e-3,      20;
                2*0.01273,  2*0.3864,   2*0.9337e-3,    2*4.1264e-3,    20;
                4*0.01273,  4*0.3864,   4*0.9337e-3,    4*4.1264e-3,    20; ];
          
V=V1;
V(:,:,2)=V2;
V(:,:,3)=V3;
I=I1;
I(:,:,2)=I2;
I(:,:,3)=I3;