%%%%%%%%Características Conductores


%%%%%%%%Cobre Desnudo

%No. 			ÁREA		DIÁMETRO				PESO						RESISTENCIA ELÉCTRICA DC a 20°C (ohm/km)		CARGA A LA ROTURA NOMINAL (kg)	CAPACIDAD DE	RADIO MEDIO		REACTANCIA  		REACTANCIA
%CALIBRE		(mm2)		CONDUCTOR (mm)		CONDUCTOR (kg/km)		SUAVE 	SEMIDURO		DURO						SEMIDURO 	DURO				CORRIENTE (A)	GEOMÉTRICO (mm)	INDUCTIVA (ohm/km)	CAPACITIVA (Mohm-km)

CuDCalibre=['4  ';'2  ';'1  ';'1/0'; '2/0'; '3/0'; '4/0'; '250'; '300'; '350'];
CuD=[21.15 5.89 191.8 0.8315 0.8602 0.8647 758 884 154 2.14 0.3740 0.2215;
     33.63 7.42 304.9 0.5230 0.5411 0.5439 1205 1374 206 2.69 0.3565 0.2104;
     42.41 8.33 384.5 0.4147 0.4290 0.4313 1519 1733 238 3.03 0.3478 0.2049;
     53.51 9.47 485.2 0.3287 0.3400 0.3418 1916 2235 276 3.59 0.3349 0.1988;
     67.44 10.63 611.6 0.2608 0.2698 0.2712 2415 2786 319 4.03 0.3262 0.1933;
     85.03 11.94 771.0 0.2068 0.2140 0.2151 3046 3514 369 4.53 0.3174 0.1877;
     107.2 13.41 972.2 0.1640 0.1697 0.1706 3840 4380 427 5.08 0.3087 0.1822;
     126.7 14.62 1149 0.1388 0.1436 0.1444 4535 5232 474 5.61 0.3012 0.1781;
     152.0 16.02 1378 0.1157 0.1197 0.1203 5445 6283 531 6.15 0.2943 0.1737;
     177.3 17.30 1608 0.09916 0.1026 0.1031 6351 7246 584 6.64 0.2885 0.1700;
  ];


%%%%%%%%Aluminio Cableado Concéntrico

%No. 			ÁREA		DIÁMETRO				PESO						RESISTENCIA ELÉCTRICA 		CARGA A LA 	CAPACIDAD DE	RADIO MEDIO		REACTANCIA  		REACTANCIA
%CALIBRE		(mm2)		CONDUCTOR (mm)		CONDUCTOR (kg/km)		DC a 20°C (ohm/km)			ROTURA (kg)	CORRIENTE (A)	GEOMÉTRICO (mm)	INDUCTIVA (ohm/km)	CAPACITIVA (Mohm-km)

AlCalibre=['4  ';'2  ';'1  ';'1/0'; '2/0'; '3/0'; '4/0'; '250'; '266'; '300'; '350'];
Al=[ 21.15 5.88 58.35 1.33 400 122 2.14 0.3740 0.2215;
     39.25 8.02 108.3 0.732 689 179 2.91 0.3507 0.2068;
     42.41 8.43 117.0 0.678 790 188 3.19 0.3437 0.2044;
     53.51 9.47 147.6 0.537 980 218 3.59 0.3349 0.1988;
     67.44 10.63 186.1  0.426 1213 252  4.03 0.3262 0.1933;
     85.03 11.94 234.6 0.338 1501 291 4.52 0.3175 0.1878;
     107.2 13.40 295.8 0.268 1823 336 5.08 0.3087 0.1822;
     126.7 14.62 349.5 0.227 2229 374 5.61 0.3012 0.1781;
     135.2 15.05 373.0 0.213 2254 389 5.70 0.3000 0.1767;
     152.0 16.01 419.4 0.189 2626 419 6.15 0.2943 0.1737;
     177.3 17.24 489.3 0.162 2899 461 6.53 0.2898 0.1702;
   ];


%%%%%%%%ACSR

%No. 			ÁREA (mm2)					DIÁMETRO				PESO						RESISTENCIA ELÉCTRICA 	CARGA A LA 		CAPACIDAD DE	RADIO MEDIO		REACTANCIA  		REACTANCIA
%CALIBRE		ALUMINIO		ACERO			CONDUCTOR (mm)		CONDUCTOR (kg/km)		DC a 20°C (ohm/km)		ROTURA (kg)		CORRIENTE (A)	GEOMÉTRICO (mm)	INDUCTIVA (ohm/km)	CAPACITIVA (Mohm-km)

ACSRCalibre=['4  ';'2  ';'1  ';'1/0'; '2/0'; '3/0'; '4/0'; '266'; '300'];
ACSR=[ 21.16 5.367 6.54 99.86 1.30 1072 120 2.11 0.3751 0.2163 
       33.65 8.553 8.25 158.9 0.819 1651 159 2.66 0.3576 0.2052
       42.41 7.069 9.00 171.4 0.658 1616 186 2.90 0.3510 0.2011  
       53.52 8.925 10.11 216.4 0.521 1986 213 3.26 0.3423 0.1955
       67.48 11.24 11.35 272.7 0.413 2403 243 3.66 0.3335 0.1900
       85.04 14.17 12.74 343.7 0.328 3000 277 4.10 0.3248 0.1845
       107.2 17.88 14.31 433.5 0.260 3784 316 4.61 0.3161 0.1790
       135.3 22.04 16.30 547.2 0.208 5126 401 6.62 0.2888 0.1727
       152.1 24.73 17.28 614.8 0.185 5757 432 7.02 0.2844 0.1700
		];


 