%%%Coordenadas conductores

% 		a 		b		c		n 
%	x	ax		bx		cx		nx
%	y	ay		by		cy		ny

%%%%%%%%%%%%
%% LA 005 Pg 1 de 3
%%%%%%%%%%%

%Circuito Semibandera LA 102 - LA 103
LA102=[-0.65 0.65 1.71; 12 12 12];

%Circuito en Bandera LA 104
LA104=[0.72 1.59 2.43; 12 12 12];

%Final del Circuito LA 111
LA111=[-1.135 0 1.150; 11.9 11.9 11.9];

%Derivación a 90º con Retención Inferior LA 109
LA109=[-1.25 0 1.25 0; 10.9 10.9 10.9 12];

%%%%%%%%%%%%
%% LA 005 Pg 2 de 3
%%%%%%%%%%%

%Retención Doble LA 113
LA113=[-0.5675 0.5675 1.7175; 11.9 11.9 11.9];

%Construcción Vertical LA 114
LA114=[0 0 0;9.9 10.9 11.9];

%Salida de Subestación LA 121
LA121=[-1.135 0 1.150; 11.9 11.9 11.9];

%Circuito Semibandera 34.5kV y Circuito Tangencial 11.4kV LA 152
LA152=[-0.65 0.65 1.95 -0.66 0.66 1.2; 12 12 12 10.1 10.1 10.1];

%%%%%%%%%%%%
%% LA 005 Pg 3 de 3
%%%%%%%%%%%

%Circuitos en Bandera 34.5kV y 11.4kV LA 158
LA158=[.72 1.59 2.43 .57 1.27 1.94; 12 12 12 9.7 9.7 9.7];

%Circuito Semibandera 34.5kV y Retención Doble 11.4kV LA 164
LA164=[-.65 .65 1.95 -.95 0 .95; 12 12 12 10.1 10.1 10.1];

%Retención Doble 34.5kV y Circuito Tangencial 11.4kV LA 163
LA163=[-0.5675 0.5675 1.7175 -0.5750 0.5750 1.71; 12 12 12 10.1 10.1 10.1];

%%%%%%%%%%%%
%% LA 006 Pg 1 de 2
%%%%%%%%%%%

%Circuito Primario Sencillo LA202
LA202=[-0.93 0.39 0.93; 10.2 10.2 10.2];

%%%%%%%%%%%%
%% LA 006 Pg 2 de 2
%%%%%%%%%%%

%Circuito Primario Doble LA250
LA250=[-0.93 0.39 0.93 -0.93 -0.39 0.93; 10.2 10.2 10.2 9.3 9.3 9.3];

%Construcción Tipo Bandera LA204
LA204=[1.13 1.66 2.19; 10.2 10.2 10.2];

%Construcción Vertical Circuito Sencillo LA214
LA214=[0 0 0; 8.9 9.5 10.1];

%Construcción Vertical Circuito Doble LA256
LA256=[0 0 0 0 0 0; 8.3 8.9 9.5 10.5 11.1 11.7];



